1749 1749 48591
0 0 4.45753
0 1 -3.6577
0 2 3.99308
0 3 0.935981
0 4 0.858218
0 5 -0.235254
0 9 -4.84732
0 10 -2.76791
0 11 3.15955
0 12 0.0883053
0 13 -0.138813
0 14 -0.136196
0 15 -0.0407514
0 16 -0.102947
0 17 0.174318
0 21 -0.787641
0 22 -0.979463
0 23 0.0223947
1 0 -3.6577
1 1 3.88328
1 2 -2.708
1 3 -1.51816
1 4 -0.612241
1 5 0.943799
1 9 3.44257
1 10 2.47931
1 11 -1.70762
1 12 -0.196597
1 13 -0.0232391
1 14 0.240402
1 15 -0.410652
1 16 -0.481778
1 17 -0.0563496
1 21 -0.0647457
1 22 -0.0856427
1 23 0.54162
2 0 3.99308
2 1 -2.708
2 2 5.66291
2 3 -0.63415
2 4 0.0970232
2 5 0.868738
2 9 -5.05892
2 10 -3.31755
2 11 3.63521
2 12 0.0164106
2 13 -0.219929
2 14 -0.148984
2 15 -0.287556
2 16 -0.39952
2 17 0.0581068
2 21 -0.577093
2 22 -0.75929
2 23 -0.227068
3 0 0.935981
3 1 -1.51816
3 2 -0.63415
3 3 3.9317
3 4 -2.72721
3 5 -3.67604
3 6 -0.217342
3 7 0.255923
3 8 -0.0989778
3 9 -0.472075
3 10 -0.396545
3 11 -0.0635151
3 15 2.38362
3 16 3.52194
3 17 -1.59831
3 27 -0.166185
3 28 -0.132954
3 29 0.683722
4 0 0.858218
4 1 -0.612241
4 2 0.0970232
4 3 -2.72721
4 4 5.57958
4 5 3.9441
4 6 0.126086
4 7 -0.174663
4 8 -0.0786901
4 9 -0.391094
4 10 -0.285294
4 11 0.0616522
4 15 -3.02459
4 16 -5.17134
4 17 3.39637
4 27 -0.560902
4 28 -0.769089
4 29 -0.277448
5 0 -0.235254
5 1 0.943799
5 2 0.868738
5 3 -3.67604
5 4 3.9441
5 5 4.42693
5 6 0.19532
5 7 -0.161346
5 8 -0.00329655
5 9 -0.100115
5 10 -0.0553856
5 11 0.184954
5 15 -2.50844
5 16 -4.98723
5 17 2.98503
5 27 -0.8356
5 28 -1.02857
5 29 0.0356316
6 3 -0.217342
6 4 0.126086
6 5 0.19532
6 6 2.19387
6 7 -2.09343
6 8 -0.892192
6 15 0.508509
6 16 -1.19608
6 17 -0.744035
6 18 1.25656
6 19 2.14073
6 20 -0.937557
6 27 -0.131076
6 28 -0.00639759
6 29 -0.133468
6 30 -0.338568
6 31 0.0482677
6 32 0.21894
7 3 0.255923
7 4 -0.174663
7 5 -0.161346
7 6 -2.09343
7 7 2.55657
7 8 1.81809
7 15 -0.188481
7 16 0.845802
7 17 0.695648
7 18 -1.87588
7 19 -2.7458
7 20 1.16741
7 27 -0.131879
7 28 -0.223805
7 29 0.288529
7 30 0.167235
7 31 -0.101523
7 32 -0.0949334
8 3 -0.0989778
8 4 -0.0786901
8 5 -0.00329655
8 6 -0.892192
8 7 1.81809
8 8 4.25823
8 15 0.713411
8 16 -0.703906
8 17 -1.00567
8 18 -2.03815
8 19 -3.74731
8 20 1.60717
8 27 0.0193288
8 28 0.158923
8 29 -0.180283
8 30 0.429144
8 31 -0.0485311
8 32 -0.213175
9 0 -4.84732
9 1 3.44257
9 2 -5.05892
9 3 -0.472075
9 4 -0.391094
9 5 -0.100115
9 9 7.65426
9 10 1.4135
9 11 -5.06652
9 12 -1.02887
9 13 -0.300583
9 14 0.826138
9 21 2.44242
9 22 2.89098
9 23 -1.28465
9 24 -0.23538
9 25 -0.317101
9 26 0.0113825
9 33 0.00242948
9 34 -0.00808049
9 35 0.29764
9 36 -0.0798079
9 37 -0.0711007
9 38 0.284484
10 0 -2.76791
10 1 2.47931
10 2 -3.31755
10 3 -0.396545
10 4 -0.285294
10 5 -0.0553856
10 9 1.4135
10 10 4.78231
10 11 0.169531
10 12 0.520094
10 13 0.720259
10 14 -0.185692
10 21 -1.71301
10 22 -2.18798
10 23 2.77441
10 24 -0.111584
10 25 -0.0379049
10 26 0.153203
10 33 -0.541076
10 34 -0.713788
10 35 0.0223129
10 36 -0.293614
10 37 -0.429762
10 38 0.00792575
11 0 3.15955
11 1 -1.70762
11 2 3.63521
11 3 -0.0635151
11 4 0.0616522
11 5 0.184954
11 9 -5.06652
11 10 0.169531
11 11 8.07901
11 12 -0.984103
11 13 -1.06368
11 14 0.758242
11 21 -3.36672
11 22 -4.92384
11 23 3.72603
11 24 -0.0424335
11 25 -0.171321
11 26 -0.0866922
11 33 -0.683589
11 34 -0.852084
11 35 -0.0970882
11 36 -0.131083
11 37 -0.275245
11 38 -0.253912
12 0 0.0883053
12 1 -0.196597
12 2 0.0164106
12 9 -1.02887
12 10 0.520094
12 11 -0.984103
12 12 2.57767
12 13 -1.42592
12 14 -2.51287
12 21 -0.0399867
12 22 0.109658
12 23 -0.154582
12 24 2.35122
12 25 1.87705
12 26 -1.27872
12 39 -0.149726
12 40 -0.0710421
12 41 0.300119
13 0 -0.138813
13 1 -0.0232391
13 2 -0.219929
13 9 -0.300583
13 10 0.720259
13 11 -1.06368
13 12 -1.42592
13 13 4.67355
13 14 2.51994
13 21 0.0682147
13 22 0.210345
13 23 -0.138385
13 24 -3.79959
13 25 -3.02014
13 26 2.3316
13 39 0.00249495
13 40 -0.177649
13 41 -0.221052
14 0 -0.136196
14 1 0.240402
14 2 -0.148984
14 9 0.826138
14 10 -0.185692
14 11 0.758242
14 12 -2.51287
14 13 2.51994
14 14 3.12306
14 21 -0.097664
14 22 -0.198762
14 23 0.217945
14 24 -2.94207
14 25 -2.75591
14 26 1.8326
14 39 -0.16513
14 40 -0.30496
14 41 -0.0672825
15 0 -0.0407514
15 1 -0.410652
15 2 -0.287556
15 3 2.38362
15 4 -3.02459
15 5 -2.50844
15 6 0.508509
15 7 -0.188481
15 8 0.713411
15 15 5.38853
15 16 0.721163
15 17 1.48629
15 18 -0.00756383
15 19 -0.121788
15 20 0.125388
15 27 -2.7901
15 28 -3.06906
15 29 4.14393
15 30 -0.61771
15 31 0.0293308
15 32 -0.736115
15 42 -0.752011
15 43 -0.952742
15 44 0.0164254
16 0 -0.102947
16 1 -0.481778
16 2 -0.39952
16 3 3.52194
16 4 -5.17134
16 5 -4.98723
16 6 -1.19608
16 7 0.845802
16 8 -0.703906
16 15 0.721163
16 16 8.40446
16 17 -5.38196
16 18 -0.247297
16 19 -0.137191
16 20 -0.0262237
16 27 3.05059
16 28 3.41648
16 29 -1.82368
16 30 -0.184167
16 31 0.233575
16 32 0.243076
16 42 0.0599946
16 43 0.0654574
16 44 0.284859
17 0 0.174318
17 1 -0.0563496
17 2 0.0581068
17 3 -1.59831
17 4 3.39637
17 5 2.98503
17 6 -0.744035
17 7 0.695648
17 8 -1.00567
17 15 1.48629
17 16 -5.38196
17 17 8.5819
17 18 -0.134805
17 19 0.010372
17 20 -0.064723
17 27 -4.46779
17 28 -5.71123
17 29 5.2355
17 30 -0.363558
17 31 -0.160362
17 32 -0.82894
17 42 -0.912748
17 43 -1.11511
17 44 -0.0687588
18 6 1.25656
18 7 -1.87588
18 8 -2.03815
18 15 -0.00756383
18 16 -0.247297
18 17 -0.134805
18 18 2.01044
18 19 1.68441
18 20 -1.50301
18 27 0.0977586
18 28 -0.0740623
18 29 -0.175636
18 30 0.84844
18 31 0.344201
18 32 -0.352325
18 45 0.0425179
18 46 -0.0251808
18 47 0.147372
19 6 2.14073
19 7 -2.7458
19 8 -3.74731
19 15 -0.121788
19 16 -0.137191
19 17 0.010372
19 18 1.68441
19 19 5.98746
19 20 -0.424364
19 27 -0.170081
19 28 0.522603
19 29 0.619361
19 30 -3.87211
19 31 0.422863
19 32 1.99662
19 45 -1.03946
19 46 -1.21412
19 47 0.0961547
20 6 -0.937557
20 7 1.16741
20 8 1.60717
20 15 0.125388
20 16 -0.0262237
20 17 -0.064723
20 18 -1.50301
20 19 -0.424364
20 20 1.96108
20 27 -0.095785
20 28 0.389994
20 29 0.409557
20 30 -2.33733
20 31 0.21448
20 32 1.25371
20 45 -0.832855
20 46 -1.01284
20 47 0.107751
21 0 -0.787641
21 1 -0.0647457
21 2 -0.577093
21 9 2.44242
21 10 -1.71301
21 11 -3.36672
21 12 -0.0399867
21 13 0.0682147
21 14 -0.097664
21 21 3.95186
21 22 1.66349
21 23 -1.61185
21 33 -0.805303
21 34 -1.02212
21 35 1.55251
21 36 0.802799
21 37 0.918931
21 38 -0.39702
21 39 -0.0167783
21 40 0.117946
21 41 -0.0117998
21 42 -0.294839
21 43 0.0231084
21 44 -0.415373
21 48 -0.148333
21 49 -0.239214
21 50 0.010705
21 51 -0.0371362
21 52 -0.0154332
21 53 0.10078
22 0 -0.979463
22 1 -0.0856427
22 2 -0.75929
22 9 2.89098
22 10 -2.18798
22 11 -4.92384
22 12 0.109658
22 13 0.210345
22 14 -0.198762
22 21 1.66349
22 22 6.05737
22 23 -3.9492
22 33 1.70637
22 34 2.02486
22 35 -0.742858
22 36 -0.730004
22 37 -0.696386
22 38 1.35398
22 39 -0.236718
22 40 0.0227739
22 41 -0.327895
22 42 -0.0520047
22 43 0.229207
22 44 -0.0322566
22 48 -0.164441
22 49 0.0303395
22 50 0.171934
22 51 -0.177964
22 52 -0.25602
22 53 0.0245744
23 0 0.0223947
23 1 0.54162
23 2 -0.227068
23 9 -1.28465
23 10 2.77441
23 11 3.72603
23 12 -0.154582
23 13 -0.138385
23 14 0.217945
23 21 -1.61185
23 22 -3.9492
23 23 8.15342
23 33 -2.40504
23 34 -3.64506
23 35 2.27759
23 36 -1.45703
23 37 -2.23937
23 38 1.75081
23 39 -0.317504
23 40 -0.0279199
23 41 -0.410821
23 42 -0.382258
23 43 -0.111611
23 44 -0.5144
23 48 0.116662
23 49 -0.189324
23 50 -0.17917
23 51 -0.0658121
23 52 -0.167329
23 53 -0.0843673
24 9 -0.23538
24 10 -0.111584
24 11 -0.0424335
24 12 2.35122
24 13 -3.79959
24 14 -2.94207
24 24 4.96009
24 25 2.34903
24 26 -0.834189
24 36 -0.127824
24 37 -0.0340447
24 38 -0.217714
24 39 -1.42943
24 40 -0.993954
24 41 1.73008
24 54 -0.266452
24 55 -0.370352
24 56 0.0206166
25 9 -0.317101
25 10 -0.0379049
25 11 -0.171321
25 12 1.87705
25 13 -3.02014
25 14 -2.75591
25 24 2.34903
25 25 3.18102
25 26 -2.59629
25 36 -0.0368504
25 37 0.146609
25 38 -0.0474778
25 39 0.872173
25 40 0.981216
25 41 -0.504669
25 54 0.00250411
25 55 -0.0479545
25 56 0.121645
26 9 0.0113825
26 10 0.153203
26 11 -0.0866922
26 12 -1.27872
26 13 2.3316
26 14 1.8326
26 24 -0.834189
26 25 -2.59629
26 26 3.00488
26 36 -0.208351
26 37 -0.0411301
26 38 -0.297728
26 39 -1.40074
26 40 -1.52849
26 41 1.43844
26 54 -0.180459
26 55 -0.249464
26 56 -0.0635074
27 3 -0.166185
27 4 -0.560902
27 5 -0.8356
27 6 -0.131076
27 7 -0.131879
27 8 0.0193288
27 15 -2.7901
27 16 3.05059
27 17 -4.46779
27 18 0.0977586
27 19 -0.170081
27 20 -0.095785
27 27 4.76795
27 28 3.23116
27 29 -3.70923
27 30 1.30805
27 31 -0.287432
27 32 0.846767
27 33 -0.207157
27 34 0.0509292
27 35 -0.320681
27 42 -0.226966
27 43 -0.226927
27 44 1.10703
27 45 0.08587
27 46 -0.0907516
27 47 0.158643
27 57 -0.144294
27 58 -0.210748
27 59 0.0373075
28 3 -0.132954
28 4 -0.769089
28 5 -1.02857
28 6 -0.00639759
28 7 -0.223805
28 8 0.158923
28 15 -3.06906
28 16 3.41648
28 17 -5.71123
28 18 -0.0740623
28 19 0.522603
28 20 0.389994
28 27 3.23116
28 28 6.54096
28 29 -5.34578
28 30 -1.78023
28 31 1.2153
28 32 1.39199
28 33 -0.0477417
28 34 0.212999
28 35 -0.074563
28 42 1.65076
28 43 1.93144
28 44 -0.577313
28 45 -0.97218
28 46 -1.08969
28 47 0.212333
28 57 -0.118954
28 58 -0.00999905
28 59 0.144192
29 3 0.683722
29 4 -0.277448
29 5 0.0356316
29 6 -0.133468
29 7 0.288529
29 8 -0.180283
29 15 4.14393
29 16 -1.82368
29 17 5.2355
29 18 -0.175636
29 19 0.619361
29 20 0.409557
29 27 -3.70923
29 28 -5.34578
29 29 10.6614
29 30 -3.91072
29 31 1.58936
29 32 -0.905087
29 33 -0.270341
29 34 -0.160217
29 35 -0.357277
29 42 -2.67806
29 43 -3.78796
29 44 1.95019
29 45 -0.919268
29 46 -0.746569
29 47 -0.0483368
29 57 0.121407
29 58 -0.109383
29 59 -0.180177
30 6 -0.338568
30 7 0.167235
30 8 0.429144
30 15 -0.61771
30 16 -0.184167
30 17 -0.363558
30 18 0.84844
30 19 -3.87211
30 20 -2.33733
30 27 1.30805
30 28 -1.78023
30 29 -3.91072
30 30 12.098
30 31 -5.51887
30 32 -5.89062
30 42 0.364561
30 43 0.577666
30 44 -0.285683
30 45 4.7353
30 46 6.06201
30 47 -1.50538
30 57 -0.555723
30 58 0.453366
30 59 -0.161896
30 60 -0.238854
30 61 -0.15358
30 62 0.69822
31 6 0.0482677
31 7 -0.101523
31 8 -0.0485311
31 15 0.0293308
31 16 0.233575
31 17 -0.160362
31 18 0.344201
31 19 0.422863
31 20 0.21448
31 27 -0.287432
31 28 1.2153
31 29 1.58936
31 30 -5.51887
31 31 5.05005
31 32 3.66724
31 42 -0.127725
31 43 -0.209616
31 44 0.168526
31 45 -2.91945
31 46 -4.86838
31 47 2.31659
31 57 0.403413
31 58 -0.267678
31 59 0.0498017
31 60 -0.400581
31 61 -0.615688
31 62 -0.253805
32 6 0.21894
32 7 -0.0949334
32 8 -0.213175
32 15 -0.736115
32 16 0.243076
32 17 -0.82894
32 18 -0.352325
32 19 1.99662
32 20 1.25371
32 27 0.846767
32 28 1.39199
32 29 -0.905087
32 30 -5.89062
32 31 3.66724
32 32 5.83401
32 42 0.285067
32 43 0.391553
32 44 -0.0662686
32 45 -2.70793
32 46 -5.62203
32 47 2.50426
32 57 0.607292
32 58 -0.357525
32 59 0.175633
32 60 -0.647137
32 61 -0.851597
32 62 -0.166622
33 9 0.00242948
33 10 -0.541076
33 11 -0.683589
33 21 -0.805303
33 22 1.70637
33 23 -2.40504
33 27 -0.207157
33 28 -0.0477417
33 29 -0.270341
33 33 3.59228
33 34 0.0311293
33 35 -0.482287
33 36 0.0760407
33 37 0.217823
33 38 -0.136269
33 42 -1.35162
33 43 1.54099
33 44 -1.34467
33 48 1.08184
33 49 0.769292
33 50 -0.315579
33 51 -0.174546
33 52 0.172399
33 53 -0.0855985
33 57 -0.253069
33 58 -0.154782
33 59 -0.0215534
33 63 -0.11556
33 64 0.00113392
33 65 0.202183
34 9 -0.00808049
34 10 -0.713788
34 11 -0.852084
34 21 -1.02212
34 22 2.02486
34 23 -3.64506
34 27 0.0509292
34 28 0.212999
34 29 -0.160217
34 33 0.0311293
34 34 4.97748
34 35 -2.38986
34 36 0.219911
34 37 0.409012
34 38 -0.266958
34 42 1.62882
34 43 -0.705457
34 44 1.79349
34 48 -1.96344
34 49 -0.108316
34 50 1.11447
34 51 0.345289
34 52 -0.164397
34 53 0.18581
34 57 -0.0648871
34 58 -0.0469879
34 59 0.156552
34 63 -0.510281
34 64 -0.580826
34 65 0.0511475
35 9 0.29764
35 10 0.0223129
35 11 -0.0970882
35 21 1.55251
35 22 -0.742858
35 23 2.27759
35 27 -0.320681
35 28 -0.074563
35 29 -0.357277
35 33 -0.482287
35 34 -2.38986
35 35 5.1728
35 36 -0.138735
35 37 -0.231806
35 38 0.25705
35 42 -1.83128
35 43 1.84162
35 44 -2.6047
35 48 -1.71297
35 49 -0.644946
35 50 1.09107
35 51 0.23613
35 52 -0.133146
35 53 0.0927747
35 57 -0.123994
35 58 -0.0367552
35 59 -0.118182
35 63 -0.324445
35 64 -0.44203
35 65 -0.0303539
36 9 -0.0798079
36 10 -0.293614
36 11 -0.131083
36 21 0.802799
36 22 -0.730004
36 23 -1.45703
36 24 -0.127824
36 25 -0.0368504
36 26 -0.208351
36 33 0.0760407
36 34 0.219911
36 35 -0.138735
36 36 2.95418
36 37 -0.480005
36 38 -0.764735
36 39 -1.00921
36 40 1.08153
36 41 -1.03928
36 48 -0.146717
36 49 0.144381
36 50 0.0168677
36 51 0.966878
36 52 0.988411
36 53 -0.353606
36 54 -0.170611
36 55 -0.0611842
36 56 -0.0363795
36 66 -0.13712
36 67 -0.00357154
36 68 0.148038
37 9 -0.0711007
37 10 -0.429762
37 11 -0.275245
37 21 0.918931
37 22 -0.696386
37 23 -2.23937
37 24 -0.0340447
37 25 0.146609
37 26 -0.0411301
37 33 0.217823
37 34 0.409012
37 35 -0.231806
37 36 -0.480005
37 37 3.68347
37 38 -1.79156
37 39 1.32567
37 40 -0.544948
37 41 1.4663
37 48 0.016322
37 49 -0.0612832
37 50 -0.122649
37 51 -0.999757
37 52 -0.735524
37 53 0.843036
37 54 0.000641534
37 55 -0.156467
37 56 0.169593
37 66 -0.0801469
37 67 -0.179368
37 68 -0.0337808
38 9 0.284484
38 10 0.00792575
38 11 -0.253912
38 21 -0.39702
38 22 1.35398
38 23 1.75081
38 24 -0.217714
38 25 -0.0474778
38 26 -0.297728
38 33 -0.136269
38 34 -0.266958
38 35 0.25705
38 36 -0.764735
38 37 -1.79156
38 38 4.2355
38 39 -1.24558
38 40 1.25826
38 41 -1.92231
38 48 -0.0850305
38 49 -0.0454739
38 50 -0.20609
38 51 -0.868307
38 52 -1.23901
38 53 0.891593
38 54 -0.0927435
38 55 0.0926678
38 56 -0.118403
38 66 0.050522
38 67 -0.094777
38 68 -0.0848578
39 12 -0.149726
39 13 0.00249495
39 14 -0.16513
39 21 -0.0167783
39 22 -0.236718
39 23 -0.317504
39 24 -1.42943
39 25 0.872173
39 26 -1.40074
39 36 -1.00921
39 37 1.32567
39 38 -1.24558
39 39 3.65964
39 40 -0.431817
39 41 -1.27576
39 51 -0.166003
39 52 -0.0814863
39 53 -0.0299758
39 54 0.962894
39 55 1.70879
39 56 -0.509229
39 66 -0.179146
39 67 0.153032
39 68 -0.0445746
40 12 -0.0710421
40 13 -0.177649
40 14 -0.30496
40 21 0.117946
40 22 0.0227739
40 23 -0.0279199
40 24 -0.993954
40 25 0.981216
40 26 -1.52849
40 36 1.08153
40 37 -0.544948
40 38 1.25826
40 39 -0.431817
40 40 3.30643
40 41 -1.14169
40 51 -0.033041
40 52 -0.0707425
40 53 0.133046
40 54 -0.896383
40 55 -1.42902
40 56 0.6814
40 66 0.132381
40 67 -0.0703455
40 68 -0.0024146
41 12 0.300119
41 13 -0.221052
41 14 -0.0672825
41 21 -0.0117998
41 22 -0.327895
41 23 -0.410821
41 24 1.73008
41 25 -0.504669
41 26 1.43844
41 36 -1.03928
41 37 1.4663
41 38 -1.92231
41 39 -1.27576
41 40 -1.14169
41 41 4.57077
41 51 -0.0830637
41 52 0.017622
41 53 -0.0870346
41 54 -1.09327
41 55 -2.30145
41 56 0.732213
41 66 0.290704
41 67 -0.142467
41 68 0.0924865
42 15 -0.752011
42 16 0.0599946
42 17 -0.912748
42 21 -0.294839
42 22 -0.0520047
42 23 -0.382258
42 27 -0.226966
42 28 1.65076
42 29 -2.67806
42 30 0.364561
42 31 -0.127725
42 32 0.285067
42 33 -1.35162
42 34 1.62882
42 35 -1.83128
42 42 3.8672
42 43 -0.542696
42 44 -0.232069
42 45 0.110454
42 46 -0.149412
42 47 -0.0316783
42 48 -0.124103
42 49 -0.0645459
42 50 -0.0615605
42 57 1.15704
42 58 0.985059
42 59 -0.306649
42 69 -0.174116
42 70 -0.0416168
42 71 0.231627
43 15 -0.952742
43 16 0.0654574
43 17 -1.11511
43 21 0.0231084
43 22 0.229207
43 23 -0.111611
43 27 -0.226927
43 28 1.93144
43 29 -3.78796
43 30 0.577666
43 31 -0.209616
43 32 0.391553
43 33 1.54099
43 34 -0.705457
43 35 1.84162
43 42 -0.542696
43 43 4.755
43 44 -1.8407
43 45 -0.0937503
43 46 0.219888
43 47 0.0393537
43 48 -0.137357
43 49 -0.035296
43 50 0.174706
43 57 -1.72836
43 58 -0.63731
43 59 0.93477
43 69 -0.21933
43 70 -0.337521
43 71 -0.0453849
44 15 0.0164254
44 16 0.284859
44 17 -0.0687588
44 21 -0.415373
44 22 -0.0322566
44 23 -0.5144
44 27 1.10703
44 28 -0.577313
44 29 1.95019
44 30 -0.285683
44 31 0.168526
44 32 -0.0662686
44 33 -1.34467
44 34 1.79349
44 35 -2.6047
44 42 -0.232069
44 43 -1.8407
44 44 4.36029
44 45 -0.0545779
44 46 0.0712947
44 47 -0.0674858
44 48 0.0116152
44 49 0.03
44 50 -0.132038
44 57 -1.16018
44 58 -0.919336
44 59 0.875756
44 69 -0.0594437
44 70 -0.204056
44 71 -0.0915719
45 18 0.0425179
45 19 -1.03946
45 20 -0.832855
45 27 0.08587
45 28 -0.97218
45 29 -0.919268
45 30 4.7353
45 31 -2.91945
45 32 -2.70793
45 42 0.110454
45 43 -0.0937503
45 44 -0.0545779
45 45 6.2359
45 46 0.159022
45 47 1.82339
45 57 0.987818
45 58 -0.292754
45 59 0.738931
45 60 -3.61329
45 61 -3.36661
45 62 2.74455
45 69 -0.0551187
45 70 -0.0350875
45 71 0.180197
45 72 -0.328262
45 73 -0.531811
45 74 -0.0750956
46 18 -0.0251808
46 19 -1.21412
46 20 -1.01284
46 27 -0.0907516
46 28 -1.08969
46 29 -0.746569
46 30 6.06201
46 31 -4.86838
46 32 -5.62203
46 42 -0.149412
46 43 0.219888
46 44 0.0712947
46 45 0.159022
46 46 10.2297
46 47 -4.41348
46 57 -2.90602
46 58 1.74851
46 59 -0.962567
46 60 3.35489
46 61 3.8916
46 62 -1.59812
46 69 -0.638819
46 70 -0.508991
46 71 0.000787458
46 72 -0.185136
46 73 -0.0662314
46 74 0.399009
47 18 0.147372
47 19 0.0961547
47 20 0.107751
47 27 0.158643
47 28 0.212333
47 29 -0.0483368
47 30 -1.50538
47 31 2.31659
47 32 2.50426
47 42 -0.0316783
47 43 0.0393537
47 44 -0.0674858
47 45 1.82339
47 46 -4.41348
47 47 7.15881
47 57 -1.27586
47 58 1.4052
47 59 -0.571909
47 60 -4.43704
47 61 -5.09544
47 62 3.06964
47 69 -0.502563
47 70 -0.368303
47 71 0.0406546
47 72 -0.0997041
47 73 -0.370652
47 74 -0.301267
48 21 -0.148333
48 22 -0.164441
48 23 0.116662
48 33 1.08184
48 34 -1.96344
48 35 -1.71297
48 36 -0.146717
48 37 0.016322
48 38 -0.0850305
48 42 -0.124103
48 43 -0.137357
48 44 0.0116152
48 48 7.45724
48 49 -3.23801
48 50 -2.48916
48 51 -3.01982
48 52 2.02058
48 53 -1.8083
48 63 3.42014
48 64 2.92119
48 65 -1.37496
48 66 -0.5058
48 67 -0.423576
48 68 -0.0539797
48 69 -0.0662824
48 70 0.207082
48 71 -0.0741021
48 75 -0.0423774
48 76 0.0540291
48 77 0.281221
49 21 -0.239214
49 22 0.0303395
49 23 -0.189324
49 33 0.769292
49 34 -0.108316
49 35 -0.644946
49 36 0.144381
49 37 -0.0612832
49 38 -0.0454739
49 42 -0.0645459
49 43 -0.035296
49 44 0.03
49 48 -3.23801
49 49 4.59261
49 50 1.82121
49 51 1.46704
49 52 -0.590453
49 53 1.19881
49 63 -3.76075
49 64 -2.27688
49 65 2.69398
49 66 -0.0385041
49 67 0.0228037
49 68 0.156166
49 69 -0.0281388
49 70 -0.131805
49 71 -0.139979
49 75 -0.567316
49 76 -0.733019
49 77 -0.041279
50 21 0.010705
50 22 0.171934
50 23 -0.17917
50 33 -0.315579
50 34 1.11447
50 35 1.09107
50 36 0.0168677
50 37 -0.122649
50 38 -0.20609
50 42 -0.0615605
50 43 0.174706
50 44 -0.132038
50 48 -2.48916
50 49 1.82121
50 50 4.47652
50 51 -0.853873
50 52 1.40335
50 53 -0.56165
50 63 -3.22402
50 64 -2.46097
50 65 2.57726
50 66 -0.426839
50 67 -0.307551
50 68 0.0404314
50 69 -0.126871
50 70 -0.0826339
50 71 -0.240568
50 75 -0.420982
50 76 -0.601804
50 77 -0.0853836
51 21 -0.0371362
51 22 -0.177964
51 23 -0.0658121
51 33 -0.174546
51 34 0.345289
51 35 0.23613
51 36 0.966878
51 37 -0.999757
51 38 -0.868307
51 39 -0.166003
51 40 -0.033041
51 41 -0.0830637
51 48 -3.01982
51 49 1.46704
51 50 -0.853873
51 51 4.52935
51 52 -2.32433
51 53 -0.309873
51 54 0.190885
51 55 -0.221667
51 56 -0.043844
51 63 -0.636187
51 64 -0.533083
51 65 -0.0424348
51 66 1.89354
51 67 1.42352
51 68 -0.599344
51 78 0.000455082
51 79 -0.0556791
51 80 0.192842
52 21 -0.0154332
52 22 -0.25602
52 23 -0.167329
52 33 0.172399
52 34 -0.164397
52 35 -0.133146
52 36 0.988411
52 37 -0.735524
52 38 -1.23901
52 39 -0.0814863
52 40 -0.0707425
52 41 0.017622
52 48 2.02058
52 49 -0.590453
52 50 1.40335
52 51 -2.32433
52 52 4.63374
52 53 -0.440236
52 54 -0.179521
52 55 0.322259
52 56 0.0772197
52 63 -0.088005
52 64 -0.0540747
52 65 0.301696
52 66 -2.76343
52 67 -1.07717
52 68 1.45177
52 78 -0.437839
52 79 -0.527719
52 80 -0.0409364
53 21 0.10078
53 22 0.0245744
53 23 -0.0843673
53 33 -0.0855985
53 34 0.18581
53 35 0.0927747
53 36 -0.353606
53 37 0.843036
53 38 0.891593
53 39 -0.0299758
53 40 0.133046
53 41 -0.0870346
53 48 -1.8083
53 49 1.19881
53 50 -0.56165
53 51 -0.309873
53 52 -0.440236
53 53 2.96151
53 54 -0.0747937
53 55 0.126452
53 56 -0.0210263
53 63 -0.50122
53 64 -0.394407
53 65 -0.00945415
53 66 -1.54351
53 67 -0.704714
53 68 1.17879
53 78 -0.310768
53 79 -0.408357
53 80 -0.0144511
54 24 -0.266452
54 25 0.00250411
54 26 -0.180459
54 36 -0.170611
54 37 0.000641534
54 38 -0.0927435
54 39 0.962894
54 40 -0.896383
54 41 -1.09327
54 51 0.190885
54 52 -0.179521
54 53 -0.0747937
54 54 1.50406
54 55 0.327735
54 56 -1.0945
54 66 0.815603
54 67 -0.430195
54 68 0.597637
54 78 0.0353608
54 79 -0.106197
54 80 0.149788
55 24 -0.370352
55 25 -0.0479545
55 26 -0.249464
55 36 -0.0611842
55 37 -0.156467
55 38 0.0926678
55 39 1.70879
55 40 -1.42902
55 41 -2.30145
55 51 -0.221667
55 52 0.322259
55 53 0.126452
55 54 0.327735
55 55 4.9245
55 56 0.313459
55 66 -2.61141
55 67 1.47656
55 68 -0.990681
55 78 -0.470736
55 79 -0.331417
55 80 -0.0494708
56 24 0.0206166
56 25 0.121645
56 26 -0.0635074
56 36 -0.0363795
56 37 0.169593
56 38 -0.118403
56 39 -0.509229
56 40 0.6814
56 41 0.732213
56 51 -0.043844
56 52 0.0772197
56 53 -0.0210263
56 54 -1.0945
56 55 0.313459
56 56 1.41564
56 66 -1.27019
56 67 0.814808
56 68 -0.615397
56 78 -0.334536
56 79 -0.255609
56 80 0.0144324
57 27 -0.144294
57 28 -0.118954
57 29 0.121407
57 30 -0.555723
57 31 0.403413
57 32 0.607292
57 33 -0.253069
57 34 -0.0648871
57 35 -0.123994
57 42 1.15704
57 43 -1.72836
57 44 -1.16018
57 45 0.987818
57 46 -2.90602
57 47 -1.27586
57 57 5.93105
57 58 -2.96596
57 59 -1.53413
57 60 -0.346203
57 61 -0.163583
57 62 -0.175534
57 63 -0.0596031
57 64 0.180015
57 65 -0.0543726
57 69 2.80314
57 70 2.3461
57 71 -1.18303
57 81 -0.0148048
57 82 0.0741137
57 83 0.204132
58 27 -0.210748
58 28 -0.00999905
58 29 -0.109383
58 30 0.453366
58 31 -0.267678
58 32 -0.357525
58 33 -0.154782
58 34 -0.0469879
58 35 -0.0367552
58 42 0.985059
58 43 -0.63731
58 44 -0.919336
58 45 -0.292754
58 46 1.74851
58 47 1.4052
58 57 -2.96596
58 58 5.36034
58 59 1.16688
58 60 -0.113998
58 61 -0.246959
58 62 0.322983
58 63 -0.0401356
58 64 -0.134188
58 65 -0.164759
58 69 -3.86322
58 70 -2.29231
58 71 2.84963
58 81 -0.603371
58 82 -0.77541
58 83 -0.0324403
59 27 0.0373075
59 28 0.144192
59 29 -0.180177
59 30 -0.161896
59 31 0.0498017
59 32 0.175633
59 33 -0.0215534
59 34 0.156552
59 35 -0.118182
59 42 -0.306649
59 43 0.93477
59 44 0.875756
59 45 0.738931
59 46 -0.962567
59 47 -0.571909
59 57 -1.53413
59 58 1.16688
59 59 3.71732
59 60 -0.215797
59 61 -0.0767875
59 62 -0.069596
59 63 -0.151064
59 64 -0.0519019
59 65 -0.273297
59 69 -2.70349
59 70 -1.9939
59 71 2.51579
59 81 -0.459967
59 82 -0.633377
59 83 -0.0355893
60 30 -0.238854
60 31 -0.400581
60 32 -0.647137
60 45 -3.61329
60 46 3.35489
60 47 -4.43704
60 57 -0.346203
60 58 -0.113998
60 59 -0.215797
60 60 4.75416
60 61 3.70282
60 62 -3.87976
60 72 1.15499
60 73 1.31248
60 74 -0.579584
60 84 0.0374236
60 85 -0.0784245
60 86 0.119483
60 87 0.0314145
60 88 -0.056697
60 89 0.128406
61 30 -0.15358
61 31 -0.615688
61 32 -0.851597
61 45 -3.36661
61 46 3.8916
61 47 -5.09544
61 57 -0.163583
61 58 -0.246959
61 59 -0.0767875
61 60 3.70282
61 61 6.2007
61 62 -1.45608
61 72 -1.60871
61 73 -0.9946
61 74 2.19623
61 84 -0.197243
61 85 -0.311572
61 86 -0.0046439
61 87 -0.367654
61 88 -0.537597
61 89 0.063623
62 30 0.69822
62 31 -0.253805
62 32 -0.166622
62 45 2.74455
62 46 -1.59812
62 47 3.06964
62 57 -0.175534
62 58 0.322983
62 59 -0.069596
62 60 -3.87976
62 61 -1.45608
62 62 4.46732
62 72 -2.08393
62 73 -2.18011
62 74 2.07346
62 84 -0.307294
62 85 -0.369976
62 86 -0.0579112
62 87 -0.300791
62 88 -0.362521
62 89 -0.0940778
63 33 -0.11556
63 34 -0.510281
63 35 -0.324445
63 48 3.42014
63 49 -3.76075
63 50 -3.22402
63 51 -0.636187
63 52 -0.088005
63 53 -0.50122
63 57 -0.0596031
63 58 -0.0401356
63 59 -0.151064
63 63 5.98396
63 64 1.18413
63 65 -3.63225
63 69 -0.653931
63 70 0.698716
63 71 -0.697574
63 75 1.85159
63 76 1.91533
63 77 -0.567019
63 81 -0.0634138
63 82 0.0244674
63 83 -0.0376449
63 90 -0.177668
63 91 -0.163093
63 92 0.342678
63 93 -0.114954
63 94 -0.0719992
63 95 0.180936
64 33 0.00113392
64 34 -0.580826
64 35 -0.44203
64 48 2.92119
64 49 -2.27688
64 50 -2.46097
64 51 -0.533083
64 52 -0.0540747
64 53 -0.394407
64 57 0.180015
64 58 -0.134188
64 59 -0.0519019
64 63 1.18413
64 64 3.85371
64 65 -0.920312
64 69 0.703513
64 70 -0.18797
64 71 0.815179
64 75 -1.26501
64 76 -0.811816
64 77 1.15905
64 81 -0.0647322
64 82 -0.0973302
64 83 0.102227
64 90 -0.163644
64 91 -0.273391
64 92 -0.0184123
64 93 -0.00420415
64 94 -0.125949
64 95 -0.058957
65 33 0.202183
65 34 0.0511475
65 35 -0.0303539
65 48 -1.37496
65 49 2.69398
65 50 2.57726
65 51 -0.0424348
65 52 0.301696
65 53 -0.00945415
65 57 -0.0543726
65 58 -0.164759
65 59 -0.273297
65 63 -3.63225
65 64 -0.920312
65 65 5.99908
65 69 -0.604218
65 70 0.795549
65 71 -1.58352
65 75 -2.27838
65 76 -2.69709
65 77 1.51278
65 81 0.0762951
65 82 0.184551
65 83 -0.10154
65 90 0.100885
65 91 -0.0210327
65 92 -0.304547
65 93 -0.0797709
65 94 -0.215727
65 95 -0.118815
66 36 -0.13712
66 37 -0.0801469
66 38 0.050522
66 39 -0.179146
66 40 0.132381
66 41 0.290704
66 48 -0.5058
66 49 -0.0385041
66 50 -0.426839
66 51 1.89354
66 52 -2.76343
66 53 -1.54351
66 54 0.815603
66 55 -2.61141
66 56 -1.27019
66 66 6.41222
66 67 -1.72385
66 68 -2.39921
66 78 2.40279
66 79 2.38655
66 80 -0.778567
66 93 -0.193347
66 94 0.316829
66 95 -0.0305426
67 36 -0.00357154
67 37 -0.179368
67 38 -0.094777
67 39 0.153032
67 40 -0.0703455
67 41 -0.142467
67 48 -0.423576
67 49 0.0228037
67 50 -0.307551
67 51 1.42352
67 52 -1.07717
67 53 -0.704714
67 54 -0.430195
67 55 1.47656
67 56 0.814808
67 66 -1.72385
67 67 3.69612
67 68 0.712715
67 78 -1.65087
67 79 -2.16186
67 80 1.32468
67 93 -0.180029
67 94 -0.118504
67 95 -0.365466
68 36 0.148038
68 37 -0.0337808
68 38 -0.0848578
68 39 -0.0445746
68 40 -0.0024146
68 41 0.0924865
68 48 -0.0539797
68 49 0.156166
68 50 0.0404314
68 51 -0.599344
68 52 1.45177
68 53 1.17879
68 54 0.597637
68 55 -0.990681
68 56 -0.615397
68 66 -2.39921
68 67 0.712715
68 68 3.95265
68 78 -1.48597
68 79 -2.61909
68 80 1.54818
68 93 -0.364985
68 94 -0.0722625
68 95 -0.52666
69 42 -0.174116
69 43 -0.21933
69 44 -0.0594437
69 45 -0.0551187
69 46 -0.638819
69 47 -0.502563
69 48 -0.0662824
69 49 -0.0281388
69 50 -0.126871
69 57 2.80314
69 58 -3.86322
69 59 -2.70349
69 63 -0.653931
69 64 0.703513
69 65 -0.604218
69 69 5.79117
69 70 1.08165
69 71 -3.73396
69 75 -0.0864081
69 76 0.000154786
69 77 -0.0344256
69 81 1.84518
69 82 1.90076
69 83 -0.436183
69 84 -0.295295
69 85 0.427407
69 86 -0.203337
69 96 -0.266992
69 97 -0.211437
69 98 0.422591
70 42 -0.0416168
70 43 -0.337521
70 44 -0.204056
70 45 -0.0350875
70 46 -0.508991
70 47 -0.368303
70 48 0.207082
70 49 -0.131805
70 50 -0.0826339
70 57 2.3461
70 58 -2.29231
70 59 -1.9939
70 63 0.698716
70 64 -0.18797
70 65 0.795549
70 69 1.08165
70 70 3.47936
70 71 -1.09831
70 75 -0.067238
70 76 -0.101877
70 77 0.118487
70 81 -1.14747
70 82 -0.607035
70 83 0.910553
70 84 0.126453
70 85 -0.160343
70 86 -0.0128076
70 96 -0.122836
70 97 -0.234246
70 98 -0.0345208
71 42 0.231627
71 43 -0.0453849
71 44 -0.0915719
71 45 0.180197
71 46 0.000787458
71 47 0.0406546
71 48 -0.0741021
71 49 -0.139979
71 50 -0.240568
71 57 -1.18303
71 58 2.84963
71 59 2.51579
71 63 -0.697574
71 64 0.815179
71 65 -1.58352
71 69 -3.73396
71 70 -1.09831
71 71 6.15174
71 75 0.0600809
71 76 0.170982
71 77 -0.117678
71 81 -2.23282
71 82 -2.64449
71 83 1.20531
71 84 0.112514
71 85 -0.321794
71 86 -0.0614834
71 96 0.244319
71 97 0.0836858
71 98 -0.408954
72 45 -0.328262
72 46 -0.185136
72 47 -0.0997041
72 60 1.15499
72 61 -1.60871
72 62 -2.08393
72 72 3.8712
72 73 0.404903
72 74 -2.11412
72 81 -0.565898
72 82 0.05588
72 83 -0.641059
72 84 0.0601377
72 85 -1.66773
72 86 1.09769
72 87 0.933126
72 88 1.88444
72 89 -0.501547
72 99 0.118427
72 100 0.308387
72 101 -0.108799
73 45 -0.531811
73 46 -0.0662314
73 47 -0.370652
73 60 1.31248
73 61 -0.9946
73 62 -2.18011
73 72 0.404903
73 73 3.48164
73 74 -1.53551
73 81 -0.0825381
73 82 0.177555
73 83 0.0344055
73 84 0.787464
73 85 1.33785
73 86 -0.341655
73 87 -0.667198
73 88 -1.4573
73 89 0.585352
73 99 -0.00176523
73 100 -0.106183
73 101 0.19836
74 45 -0.0750956
74 46 0.399009
74 47 -0.301267
74 60 -0.579584
74 61 2.19623
74 62 2.07346
74 72 -2.11412
74 73 -1.53551
74 74 5.92727
74 81 -0.719018
74 82 0.0180799
74 83 -0.819076
74 84 -0.207255
74 85 -3.12075
74 86 1.39034
74 87 -1.30446
74 88 -3.21004
74 89 0.802409
74 99 1.18305
74 100 0.0662124
74 101 -0.0508028
75 48 -0.0423774
75 49 -0.567316
75 50 -0.420982
75 63 1.85159
75 64 -1.26501
75 65 -2.27838
75 69 -0.0864081
75 70 -0.067238
75 71 0.0600809
75 75 4.76662
75 76 -1.15288
75 77 -1.0223
75 78 0.0864553
75 79 -0.194254
75 80 -0.0744448
75 90 1.678
75 91 1.81735
75 92 -0.951764
75 93 -1.8126
75 94 -1.5573
75 95 1.14793
75 96 0.098163
75 97 0.183026
75 98 -0.0719562
75 102 0.0509882
75 103 -0.0684242
75 104 0.148706
75 105 0.046082
75 106 -0.178462
75 107 -0.13278
76 48 0.0540291
76 49 -0.733019
76 50 -0.601804
76 63 1.91533
76 64 -0.811816
76 65 -2.69709
76 69 0.000154786
76 70 -0.101877
76 71 0.170982
76 75 -1.15288
76 76 5.5271
76 77 0.0244652
76 78 -0.186314
76 79 0.274698
76 80 -0.120881
76 90 -2.45567
76 91 -2.62164
76 92 2.90921
76 93 1.47785
76 94 1.5291
76 95 -0.391242
76 96 -0.473956
76 97 -0.0519625
76 98 -0.573126
76 102 -0.343955
76 103 -0.445644
76 104 -0.0328126
76 105 -0.273366
76 106 -0.0495272
76 107 0.257071
77 48 0.281221
77 49 -0.041279
77 50 -0.0853836
77 63 -0.567019
77 64 1.15905
77 65 1.51278
77 69 -0.0344256
77 70 0.118487
77 71 -0.117678
77 75 -1.0223
77 76 0.0244652
77 77 4.71709
77 78 -0.12921
77 79 -0.0777156
77 80 -0.26235
77 90 -1.85756
77 91 -2.77687
77 92 2.83783
77 93 -1.06393
77 94 -1.79534
77 95 1.1079
77 96 -0.553147
77 97 0.0205059
77 98 -0.719675
77 102 -0.265142
77 103 -0.342975
77 104 -0.0625219
77 105 0.21818
77 106 -0.0462576
77 107 -0.178596
78 51 0.000455082
78 52 -0.437839
78 53 -0.310768
78 54 0.0353608
78 55 -0.470736
78 56 -0.334536
78 66 2.40279
78 67 -1.65087
78 68 -1.48597
78 75 0.0864553
78 76 -0.186314
78 77 -0.12921
78 78 4.58064
78 79 -0.258398
78 80 2.09334
78 93 -3.1663
78 94 2.29698
78 95 -2.18049
78 105 -0.459045
78 106 -0.335262
78 107 -0.0902478
79 51 -0.0556791
79 52 -0.527719
79 53 -0.408357
79 54 -0.106197
79 55 -0.331417
79 56 -0.255609
79 66 2.38655
79 67 -2.16186
79 68 -2.61909
79 75 -0.194254
79 76 0.274698
79 77 -0.0777156
79 78 -0.258398
79 79 4.30755
79 80 -3.52867
79 93 2.27176
79 94 -0.992752
79 95 2.20348
79 105 -0.191256
79 106 -0.0693851
79 107 0.355241
80 51 0.192842
80 52 -0.0409364
80 53 -0.0144511
80 54 0.149788
80 55 -0.0494708
80 56 0.0144324
80 66 -0.778567
80 67 1.32468
80 68 1.54818
80 75 -0.0744448
80 76 -0.120881
80 77 -0.26235
80 78 2.09334
80 79 -3.52867
80 80 3.95477
80 93 -3.04352
80 94 2.07978
80 95 -2.8429
80 105 -0.258165
80 106 -0.16868
80 107 -0.190225
81 57 -0.0148048
81 58 -0.603371
81 59 -0.459967
81 63 -0.0634138
81 64 -0.0647322
81 65 0.0762951
81 69 1.84518
81 70 -1.14747
81 71 -2.23282
81 72 -0.565898
81 73 -0.0825381
81 74 -0.719018
81 81 7.0994
81 82 -2.51353
81 83 0.532265
81 84 -4.09114
81 85 4.427
81 86 -3.48922
81 90 0.0925529
81 91 0.220945
81 92 -0.030333
81 96 2.25502
81 97 2.27937
81 98 -1.33632
81 99 -0.894083
81 100 -0.73449
81 101 -0.0174093
81 108 0.0899865
81 109 -0.0239946
81 110 0.179385
82 57 0.0741137
82 58 -0.77541
82 59 -0.633377
82 63 0.0244674
82 64 -0.0973302
82 65 0.184551
82 69 1.90076
82 70 -0.607035
82 71 -2.64449
82 72 0.05588
82 73 0.177555
82 74 0.0180799
82 81 -2.51353
82 82 6.94463
82 83 0.773502
82 84 2.19634
82 85 -1.29025
82 86 2.09763
82 90 -0.639991
82 91 -0.0871316
82 92 -0.773381
82 96 -3.86058
82 97 -3.70517
82 98 4.35899
82 99 -0.0526644
82 100 0.137568
82 101 0.188473
82 108 -0.629464
82 109 -0.780031
82 110 -0.0319525
83 57 0.204132
83 58 -0.0324403
83 59 -0.0355893
83 63 -0.0376449
83 64 0.102227
83 65 -0.10154
83 69 -0.436183
83 70 0.910553
83 71 1.20531
83 72 -0.641059
83 73 0.0344055
83 74 -0.819076
83 81 0.532265
83 82 0.773502
83 83 6.1972
83 84 -2.7026
83 85 3.93429
83 86 -2.94385
83 90 -0.710461
83 91 0.045414
83 92 -0.91757
83 96 -2.6136
83 97 -3.26542
83 98 3.955
83 99 -0.774981
83 100 -0.609917
83 101 -0.0119889
83 108 -0.519807
83 109 -0.668376
83 110 -0.0350986
84 60 0.0374236
84 61 -0.197243
84 62 -0.307294
84 69 -0.295295
84 70 0.126453
84 71 0.112514
84 72 0.0601377
84 73 0.787464
84 74 -0.207255
84 81 -4.09114
84 82 2.19634
84 83 -2.7026
84 84 4.91398
84 85 -4.3885
84 86 2.58435
84 87 0.0656815
84 88 -0.254919
84 89 -0.0502791
84 96 -0.502245
84 97 -0.295355
84 98 -0.21956
84 99 1.7758
84 100 1.06796
84 101 -0.396599
84 111 -0.11148
84 112 0.0459323
84 113 0.225934
85 60 -0.0784245
85 61 -0.311572
85 62 -0.369976
85 69 0.427407
85 70 -0.160343
85 71 -0.321794
85 72 -1.66773
85 73 1.33785
85 74 -3.12075
85 81 4.427
85 82 -1.29025
85 83 3.93429
85 84 -4.3885
85 85 9.8252
85 86 -3.86414
85 87 -0.232107
85 88 1.08103
85 89 0.137804
85 96 -0.188881
85 97 -0.361377
85 98 0.707199
85 99 -4.52376
85 100 -0.965134
85 101 1.75116
85 111 -0.768843
85 112 -0.930776
85 113 -0.0586003
86 60 0.119483
86 61 -0.0046439
86 62 -0.0579112
86 69 -0.203337
86 70 -0.0128076
86 71 -0.0614834
86 72 1.09769
86 73 -0.341655
86 74 1.39034
86 81 -3.48922
86 82 2.09763
86 83 -2.94385
86 84 2.58435
86 85 -3.86414
86 86 4.61555
86 87 -0.0491565
86 88 0.112294
86 89 0.308098
86 96 -0.317741
86 97 -0.085207
86 98 -0.324698
86 99 -1.05572
86 100 0.638352
86 101 1.06953
86 111 -0.694623
86 112 -0.705126
86 113 0.158746
87 60 0.0314145
87 61 -0.367654
87 62 -0.300791
87 72 0.933126
87 73 -0.667198
87 74 -1.30446
87 84 0.0656815
87 85 -0.232107
87 86 -0.0491565
87 87 1.34813
87 88 0.501607
87 89 -0.884415
87 99 0.843879
87 100 -0.393454
87 101 0.338397
87 111 -0.0507864
87 112 -0.0192463
87 113 0.207346
88 60 -0.056697
88 61 -0.537597
88 62 -0.362521
88 72 1.88444
88 73 -1.4573
88 74 -3.21004
88 84 -0.254919
88 85 1.08103
88 86 0.112294
88 87 0.501607
88 88 6.25832
88 89 0.201491
88 99 -3.95185
88 100 1.8341
88 101 -0.384103
88 111 -0.876851
88 112 -0.762564
88 113 -0.016492
89 60 0.128406
89 61 0.063623
89 62 -0.0940778
89 72 -0.501547
89 73 0.585352
89 74 0.802409
89 84 -0.0502791
89 85 0.137804
89 86 0.308098
89 87 -0.884415
89 88 0.201491
89 89 1.37324
89 99 -1.78069
89 100 0.946179
89 101 -0.0283366
89 111 -0.732725
89 112 -0.597273
89 113 0.122651
90 63 -0.177668
90 64 -0.163644
90 65 0.100885
90 75 1.678
90 76 -2.45567
90 77 -1.85756
90 81 0.0925529
90 82 -0.639991
90 83 -0.710461
90 90 3.57348
90 91 1.25723
90 92 -1.85181
90 93 -0.36349
90 94 -0.209606
90 95 -0.0612352
90 96 0.20518
90 97 1.22073
90 98 -1.58889
90 102 0.717015
90 103 1.11673
90 104 -0.257275
90 108 0.28395
90 109 0.114572
90 110 -0.112283
90 117 -0.117127
90 118 -0.000243761
90 119 0.196691
91 63 -0.163093
91 64 -0.273391
91 65 -0.0210327
91 75 1.81735
91 76 -2.62164
91 77 -2.77687
91 81 0.220945
91 82 -0.0871316
91 83 0.045414
91 90 1.25723
91 91 4.59832
91 92 -3.36041
91 93 -0.233073
91 94 -0.0346084
91 95 -0.148167
91 96 1.13641
91 97 -0.483876
91 98 1.8913
91 102 0.12572
91 103 -1.02825
91 104 0.828394
91 108 -0.128118
91 109 -0.00181991
91 110 0.261631
91 117 -0.420532
91 118 -0.476911
91 119 0.0662224
92 63 0.342678
92 64 -0.0184123
92 65 -0.304547
92 75 -0.951764
92 76 2.90921
92 77 2.83783
92 81 -0.030333
92 82 -0.773381
92 83 -0.91757
92 90 -1.85181
92 91 -3.36041
92 92 7.12544
92 93 -0.025986
92 94 -0.150493
92 95 0.242784
92 96 -0.784569
92 97 1.76623
92 98 -4.10527
92 102 -0.436334
92 103 -2.78895
92 104 1.13454
92 108 0.106441
92 109 1.20492
92 110 0.00666421
92 117 -0.516065
92 118 -0.625626
92 119 -0.0232707
93 63 -0.114954
93 64 -0.00420415
93 65 -0.0797709
93 66 -0.193347
93 67 -0.180029
93 68 -0.364985
93 75 -1.8126
93 76 1.47785
93 77 -1.06393
93 78 -3.1663
93 79 2.27176
93 80 -3.04352
93 90 -0.36349
93 91 -0.233073
93 92 -0.025986
93 93 5.7208
93 94 -2.1315
93 95 0.331898
93 105 2.04863
93 106 1.51511
93 107 -0.752097
93 114 -0.0632591
93 115 -0.0727698
93 116 0.344913
93 117 -0.089983
93 118 0.136739
93 119 -0.0850692
94 63 -0.0719992
94 64 -0.125949
94 65 -0.215727
94 66 0.316829
94 67 -0.118504
94 68 -0.0722625
94 75 -1.5573
94 76 1.5291
94 77 -1.79534
94 78 2.29698
94 79 -0.992752
94 80 2.07978
94 90 -0.209606
94 91 -0.0346084
94 92 -0.150493
94 93 -2.1315
94 94 6.18278
94 95 -0.395037
94 105 -4.02303
94 106 -1.53554
94 107 2.67011
94 114 -0.753699
94 115 -0.935158
94 116 0.00464071
94 117 0.159679
94 118 -0.147619
94 119 0.0351874
95 63 0.180936
95 64 -0.058957
95 65 -0.118815
95 66 -0.0305426
95 67 -0.365466
95 68 -0.52666
95 75 1.14793
95 76 -0.391242
95 77 1.1079
95 78 -2.18049
95 79 2.20348
95 80 -2.8429
95 90 -0.0612352
95 91 -0.148167
95 92 0.242784
95 93 0.331898
95 94 -0.395037
95 95 4.96127
95 105 -2.58681
95 106 -1.29143
95 107 2.27937
95 114 -0.566048
95 115 -0.747475
95 116 0.00348954
95 117 0.0193976
95 118 -0.0575033
95 119 -0.101855
96 69 -0.266992
96 70 -0.122836
96 71 0.244319
96 75 0.098163
96 76 -0.473956
96 77 -0.553147
96 81 2.25502
96 82 -3.86058
96 83 -2.6136
96 84 -0.502245
96 85 -0.188881
96 86 -0.317741
96 90 0.20518
96 91 1.13641
96 92 -0.784569
96 96 4.64919
96 97 2.57643
96 98 -3.64206
96 102 0.155631
96 103 -0.13415
96 104 -0.0370885
96 108 0.972235
96 109 1.41151
96 110 -0.308191
96 120 -0.124531
96 121 0.0267897
96 122 0.182711
97 69 -0.211437
97 70 -0.234246
97 71 0.0836858
97 75 0.183026
97 76 -0.0519625
97 77 0.0205059
97 81 2.27937
97 82 -3.70517
97 83 -3.26542
97 84 -0.295355
97 85 -0.361377
97 86 -0.085207
97 90 1.22073
97 91 -0.483876
97 92 1.76623
97 96 2.57643
97 97 5.06705
97 98 -4.45503
97 102 -0.0359904
97 103 -0.0456909
97 104 0.176597
97 108 0.3245
97 109 -0.558993
97 110 0.834018
97 120 -0.412301
97 121 -0.440744
97 122 0.0904841
98 69 0.422591
98 70 -0.0345208
98 71 -0.408954
98 75 -0.0719562
98 76 -0.573126
98 77 -0.719675
98 81 -1.33632
98 82 4.35899
98 83 3.955
98 84 -0.21956
98 85 0.707199
98 86 -0.324698
98 90 -1.58889
98 91 1.8913
98 92 -4.10527
98 96 -3.64206
98 97 -4.45503
98 98 9.79874
98 102 -0.157131
98 103 1.03727
98 104 -0.0308583
98 108 -1.17425
98 109 -3.53225
98 110 1.36851
98 120 -0.443638
98 121 -0.61412
98 122 -0.0810192
99 72 0.118427
99 73 -0.00176523
99 74 1.18305
99 81 -0.894083
99 82 -0.0526644
99 83 -0.774981
99 84 1.7758
99 85 -4.52376
99 86 -1.05572
99 87 0.843879
99 88 -3.95185
99 89 -1.78069
99 99 10.2758
99 100 -4.23343
99 101 -4.54368
99 111 4.83479
99 112 4.11404
99 113 -1.62953
99 120 -0.207423
99 121 0.259477
99 122 -0.0548505
99 123 -0.0688643
99 124 -0.0536278
99 125 0.44022
100 72 0.308387
100 73 -0.106183
100 74 0.0662124
100 81 -0.73449
100 82 0.137568
100 83 -0.609917
100 84 1.06796
100 85 -0.965134
100 86 0.638352
100 87 -0.393454
100 88 1.8341
100 89 0.946179
100 99 -4.23343
100 100 5.15597
100 101 3.01253
100 111 -4.5966
100 112 -2.76003
100 113 2.80557
100 120 0.127806
100 121 -0.17202
100 122 -0.102049
100 123 -0.587563
100 124 -0.765121
100 125 -0.0877727
101 72 -0.108799
101 73 0.19836
101 74 -0.0508028
101 81 -0.0174093
101 82 0.188473
101 83 -0.0119889
101 84 -0.396599
101 85 1.75116
101 86 1.06953
101 87 0.338397
101 88 -0.384103
101 89 -0.0283366
101 99 -4.54368
101 100 3.01253
101 101 5.16995
101 111 -4.25391
101 112 -3.1992
101 113 2.7482
101 120 0.00194378
101 121 -0.12912
101 122 -0.202687
101 123 -0.405642
101 124 -0.586202
101 125 -0.174507
102 75 0.0509882
102 76 -0.343955
102 77 -0.265142
102 90 0.717015
102 91 0.12572
102 92 -0.436334
102 96 0.155631
102 97 -0.0359904
102 98 -0.157131
102 102 5.45963
102 103 -4.48019
102 104 2.46126
102 105 0.0235477
102 106 -0.145154
102 107 -0.178461
102 108 -0.476833
102 109 1.9022
102 110 1.28447
102 117 -4.47429
102 118 -2.86249
102 119 2.93704
102 120 -0.0685694
102 121 -0.010683
102 122 0.222681
102 129 -0.596312
102 130 -0.722353
102 131 -0.0929334
103 75 -0.0684242
103 76 -0.445644
103 77 -0.342975
103 90 1.11673
103 91 -1.02825
103 92 -2.78895
103 96 -0.13415
103 97 -0.0456909
103 98 1.03727
103 102 -4.48019
103 103 8.75413
103 104 -2.93975
103 105 -0.129558
103 106 0.209791
103 107 -0.0169501
103 108 1.7152
103 109 -4.08428
